+8801912345678
+8801712345679
+8801987654321
+8801823456789
+8801612345670
+8801912345680
+8801712345681
+8801987654322
+8801823456790
+8801612345671
+8801912345682
+8801712345683
+8801987654323
+8801823456791
+8801612345672
+8801912345684
+8801712345685
+8801987654324
+8801823456792
+8801612345673
+8801912345686
+8801712345687
+8801987654325
+8801823456793
+8801612345674
+8801912345688
+8801712345689
+8801987654326
+8801823456794
+8801612345675
+8801912345690
+8801712345691
+8801987654327
+8801823456795
+8801612345676
+8801912345692
+8801712345693
+8801987654328
+8801823456796
+8801612345677
+8801912345694
+8801712345695
+8801987654329
+8801823456797
+8801612345678
+8801912345696
+8801712345697
+8801987654330
+8801823456798
+8801612345679
+8801912345698
+8801712345699
+8801987654331
+8801823456799
+8801612345680
+8801912345700
+8801712345701
+8801987654332
+8801823456800
+8801612345681
+8801912345702
+8801712345703
+8801987654333
+8801823456801
+8801612345682
+8801912345704
+8801712345705
+8801987654334
+8801823456802
+8801612345683
+8801912345706
+8801712345707
+8801987654335
+8801823456803
+8801612345684
+8801912345708
+8801712345709
+8801987654336
+8801823456804
+8801612345685
+8801912345710
+8801712345711
+8801987654337
+8801823456805
+8801612345686
+8801912345712
+8801712345713
+8801987654338
+8801823456806
+8801612345687
+8801912345714
+8801712345715
+8801987654339
+8801823456807
+8801612345688
+8801912345716
+8801712345717
+8801987654340
+8801823456808
+8801612345689
+8801912345718
+8801712345719
+8801987654341
+8801823456809
+8801612345690
+8801912345720
+8801712345721
+8801987654342
+8801823456810
+8801612345691
